1 0.0765625 0.64453125 0.1328125 0.284375
1 0.3234375 0.3890625 0.02734375 0.0578125
1 0.40625 0.39765625 0.0328125 0.07578125
1 0.5453125 0.315625 0.0296875 0.0625
1 0.1328125 0.40703125 0.01484375 0.03125
1 0.44140625 0.3640625 0.0125 0.0265625
1 0.4890625 0.3640625 0.0171875 0.0359375
1 0.63984375 0.33984375 0.0203125 0.021875
1 0.70234375 0.35546875 0.0296875 0.053125
1 0.8984375 0.3 0.17265625 0.32421875
2 0.7296875 0.30703125 0.01484375 0.0359375
1 0.21484375 0.39765625 0.01015625 0.03984375