1 0.39765625 0.25078125 0.0703125 0.12890625
1 0.5390625 0.39296875 0.0578125 0.1109375
1 0.2890625 0.88671875 0.1328125 0.21796875
1 0.5359375 0.93125 0.12265625 0.12890625
1 0.8390625 0.2 0.0578125 0.10703125
1 0.6453125 0.153125 0.06484375 0.10234375
1 0.725 0.1578125 0.06015625 0.12890625
1 0.5125 0.25078125 0.06484375 0.12890625
1 0.52734375 0.046875 0.025 0.07578125
1 0.4078125 0.08671875 0.0453125 0.084375
1 0.2703125 0.03125 0.0296875 0.0625
1 0.1578125 0.08671875 0.0453125 0.07578125
1 0.05 0.121875 0.05 0.06640625
1 0.2046875 0.053125 0.0296875 0.0625
1 0.7875 0.03984375 0.03984375 0.0796875
2 0.22890625 0.1203125 0.0375 0.0796875