1 0.78984375 0.725 0.1 0.15390625
2 0.83359375 0.52265625 0.07734375 0.11640625
2 0.44609375 0.55625 0.07734375 0.11640625
1 0.52109375 0.69453125 0.10234375 0.14609375
1 0.9578125 0.5453125 0.06015625 0.0859375
1 0.1859375 0.62734375 0.0828125 0.15390625
1 0.075 0.50546875 0.0546875 0.08984375
1 0.26484375 0.58203125 0.0453125 0.10078125
1 0.3515625 0.5296875 0.05234375 0.07890625
1 0.39140625 0.4890625 0.0578125 0.10859375
1 0.5171875 0.48515625 0.06015625 0.09375
1 0.5671875 0.48515625 0.03984375 0.07109375
1 0.6125 0.39140625 0.0296875 0.05625
1 0.7265625 0.35546875 0.0421875 0.05234375
2 0.29765625 0.490625 0.03984375 0.075
1 0.1203125 0.41015625 0.03515625 0.05625
1 0.37265625 0.3859375 0.0453125 0.0671875
2 0.47109375 0.33671875 0.0328125 0.05234375
1 0.51484375 0.31484375 0.01484375 0.0375
1 0.64140625 0.309375 0.0171875 0.03359375
1 0.4234375 0.33359375 0.02265625 0.0375
1 0.25234375 0.29609375 0.0203125 0.0296875
1 0.68515625 0.36875 0.03515625 0.0484375
1 0.57734375 0.425 0.0296875 0.05625
1 0.9140625 0.3125 0.02265625 0.04140625
1 0.95859375 0.303125 0.02265625 0.0453125
1 0.78125 0.34609375 0.0171875 0.03359375
1 0.9375 0.3 0.0203125 0.0375