2 0.1484375 0.83984375 0.1171875 0.21328125
2 0.0640625 0.58671875 0.10234375 0.1421875
1 0.04375 0.38671875 0.0828125 0.09765625
1 0.13984375 0.36875 0.08984375 0.16875
1 0.2078125 0.34453125 0.03984375 0.084375
2 0.2734375 0.4109375 0.0921875 0.1734375
1 0.34375 0.678125 0.1125 0.19140625
1 0.4421875 0.646875 0.08515625 0.146875
1 0.5859375 0.6375 0.1328125 0.2265625
1 0.49609375 0.4421875 0.0421875 0.146875
2 0.3578125 0.36015625 0.06484375 0.13359375
0 0.45234375 0.3109375 0.0703125 0.12421875
2 0.58125 0.2796875 0.0625 0.115625
2 0.21015625 0.18203125 0.0546875 0.09765625
1 0.17265625 0.20234375 0.03515625 0.084375
1 0.12109375 0.1359375 0.0421875 0.07578125
1 0.02890625 0.20703125 0.0578125 0.1203125
0 0.07265625 0.19765625 0.03515625 0.07578125
1 0.19375 0.0421875 0.02734375 0.04921875
1 0.24375 0.11796875 0.02265625 0.04921875
1 0.2625 0.1890625 0.0453125 0.084375
1 0.41015625 0.31796875 0.03984375 0.10234375
1 0.37890625 0.21328125 0.0375 0.0625
1 0.33359375 0.1625 0.0375 0.0578125
1 0.3765625 0.153125 0.0421875 0.0578125
1 0.3328125 0.053125 0.025 0.053125
1 0.29140625 0.06015625 0.0125 0.03984375
1 0.39375 0.078125 0.02265625 0.04921875
1 0.41015625 0.11328125 0.0296875 0.04921875
2 0.47890625 0.121875 0.0375 0.07578125
1 0.5109375 0.20703125 0.0421875 0.09296875
1 0.50390625 0.278125 0.0421875 0.084375
1 0.51640625 0.04921875 0.0125 0.053125
1 0.57734375 0.0578125 0.0203125 0.04453125
1 0.6359375 0.03984375 0.02734375 0.053125
0 0.6546875 0.16640625 0.0453125 0.07578125
2 0.625 0.26875 0.025 0.09296875
1 0.67890625 0.37578125 0.0625 0.10234375
1 0.6859375 0.178125 0.02734375 0.07109375
2 0.69765625 0.0578125 0.0203125 0.04453125
1 0.68125 0.521875 0.02734375 0.07578125
1 0.74765625 0.57578125 0.0796875 0.1734375
1 0.81640625 0.7734375 0.12265625 0.24921875
1 0.84765625 0.2796875 0.06015625 0.115625
2 0.9546875 0.31796875 0.025 0.10234375
1 0.8953125 0.26015625 0.03515625 0.10234375
1 0.7390625 0.3578125 0.05234375 0.07578125
1 0.79609375 0.2109375 0.04765625 0.084375
1 0.7796875 0.1109375 0.0453125 0.0890625
0 0.82734375 0.08671875 0.0296875 0.084375
1 0.9125 0.1265625 0.0203125 0.0578125