1 0.0953125 0.74765625 0.1703125 0.31875
1 0.2609375 0.6125 0.10234375 0.190625
2 0.3 0.37578125 0.06484375 0.10625
1 0.41015625 0.5109375 0.08515625 0.14609375
2 0.475 0.3515625 0.03515625 0.11953125
1 0.54609375 0.4203125 0.1078125 0.2125
1 0.6421875 0.41796875 0.08515625 0.18125
2 0.67265625 0.13515625 0.0453125 0.084375
1 0.8640625 0.21015625 0.04765625 0.075
1 0.9171875 0.17890625 0.0546875 0.1015625
1 0.7390625 0.31171875 0.04765625 0.084375
1 0.78125 0.415625 0.07265625 0.14140625
1 0.95859375 0.4359375 0.0671875 0.1375
1 0.75234375 0.90703125 0.13515625 0.16796875
1 0.44140625 0.09921875 0.0328125 0.0578125
2 0.5953125 0.1328125 0.0296875 0.07109375
2 0.7765625 0.04609375 0.0328125 0.0484375