1 0.10859375 0.56171875 0.1125 0.17265625
1 0.20390625 0.81484375 0.12265625 0.1984375
1 0.31484375 0.471875 0.06484375 0.1046875
1 0.2375 0.47578125 0.05 0.0671875
1 0.30390625 0.34453125 0.04765625 0.075
1 0.4171875 0.3765625 0.0453125 0.09375
1 0.3796875 0.34296875 0.0296875 0.0484375
1 0.47734375 0.4984375 0.0703125 0.11953125
1 0.62109375 0.38984375 0.0671875 0.11953125
1 0.77265625 0.34609375 0.05 0.09375
1 0.7609375 0.59765625 0.0921875 0.13828125
1 0.85859375 0.88359375 0.14765625 0.20234375
1 0.88984375 0.3765625 0.03984375 0.07109375
1 0.9515625 0.453125 0.04765625 0.0671875
1 0.95859375 0.709375 0.0828125 0.21328125
1 0.6859375 0.41796875 0.0421875 0.07109375
1 0.95390625 0.35234375 0.0375 0.0453125