1 0.06484375 0.7015625 0.1203125 0.30390625
2 0.42265625 0.0625 0.03984375 0.065625
1 0.3203125 0.05703125 0.06015625 0.06953125
1 0.05234375 0.0203125 0.0546875 0.040625
1 0.25625 0.171875 0.05234375 0.08046875
1 0.3453125 0.1828125 0.0703125 0.10234375
2 0.5875 0.20703125 0.03984375 0.06953125
2 0.55 0.26171875 0.06015625 0.084375
1 0.6859375 0.14296875 0.0578125 0.0953125
1 0.825 0.19375 0.0453125 0.08046875
1 0.7765625 0.478125 0.0828125 0.10625
1 0.93125 0.353125 0.0625 0.084375
1 0.4953125 0.415625 0.0703125 0.11328125