1 0.03984375 0.87734375 0.06484375 0.1140625
1 0.125 0.78125 0.06484375 0.11015625
0 0.16640625 0.7125 0.05234375 0.09375
2 0.09375 0.47578125 0.0421875 0.06953125
1 0.0828125 0.35078125 0.03984375 0.08984375
1 0.025 0.31875 0.03515625 0.0734375
2 0.0796875 0.04453125 0.05 0.08125
1 0.29609375 0.0734375 0.05234375 0.08125
1 0.2578125 0.2671875 0.0546875 0.06953125
1 0.2625 0.49375 0.0453125 0.08984375
1 0.37265625 0.92265625 0.0703125 0.10625
1 0.51640625 0.74296875 0.0625 0.08125
1 0.5640625 0.82265625 0.07265625 0.10234375
1 0.49609375 0.4265625 0.0578125 0.09375
1 0.48125 0.27578125 0.0625 0.0859375
1 0.4890625 0.146875 0.0578125 0.0734375
1 0.6390625 0.48984375 0.04765625 0.08125
1 0.65859375 0.26953125 0.05234375 0.08984375
1 0.74375 0.2671875 0.0578125 0.09375
1 0.9296875 0.640625 0.0703125 0.0734375
1 0.88984375 0.34296875 0.06015625 0.08125
1 0.8203125 0.2 0.0453125 0.0734375
1 0.8171875 0.0875 0.0453125 0.0609375