1 0.0234375 0.16015625 0.0421875 0.0796875
1 0.0828125 0.20703125 0.0546875 0.10234375
2 0.0984375 0.3578125 0.05234375 0.09296875
1 0.04609375 0.853125 0.07734375 0.1421875
1 0.26015625 0.1046875 0.06015625 0.084375
1 0.2734375 0.38203125 0.0578125 0.115625
0 0.16640625 0.64921875 0.0578125 0.13359375
1 0.1234375 0.73984375 0.07265625 0.1375
1 0.3765625 0.9109375 0.0671875 0.13359375
1 0.4859375 0.1046875 0.0671875 0.10234375
1 0.4984375 0.2953125 0.0625 0.1109375
1 0.51640625 0.69296875 0.0578125 0.09765625
1 0.5671875 0.7890625 0.075 0.12890625
1 0.66015625 0.10234375 0.06015625 0.09765625
1 0.63984375 0.37578125 0.0546875 0.1109375
1 0.74765625 0.10234375 0.0703125 0.12421875
1 0.8234375 0.03125 0.05234375 0.0625
1 0.89375 0.19765625 0.0671875 0.10234375
1 0.9296875 0.56640625 0.075 0.1109375