1 0.0828125 0.26328125 0.05 0.09296875
1 0.1671875 0.31875 0.0453125 0.08828125
1 0.3484375 0.29453125 0.0578125 0.1015625
1 0.40390625 0.27890625 0.0421875 0.08828125
1 0.45 0.50859375 0.0546875 0.10625
1 0.47734375 0.26953125 0.0296875 0.06171875
1 0.5265625 0.25859375 0.02734375 0.084375
1 0.55859375 0.271875 0.0421875 0.09296875
1 0.6109375 0.30546875 0.0375 0.0796875
1 0.6484375 0.34296875 0.0421875 0.09296875
1 0.7125 0.36484375 0.0546875 0.1109375
1 0.76484375 0.25 0.03515625 0.075
2 0.80625 0.2546875 0.0421875 0.0578125
1 0.8796875 0.228125 0.0453125 0.084375
1 0.9375 0.25 0.05 0.09296875
1 0.36640625 0.228125 0.0375 0.06640625
1 0.2984375 0.22578125 0.0375 0.06171875