1 0.05234375 0.021875 0.0546875 0.04375
1 0.3234375 0.06015625 0.05234375 0.0765625
1 0.25625 0.1703125 0.05234375 0.084375
2 0.42265625 0.0640625 0.0453125 0.06953125
1 0.3453125 0.18671875 0.06484375 0.11015625
1 0.0625 0.69609375 0.1203125 0.3078125
2 0.58984375 0.20703125 0.03515625 0.06953125
2 0.5515625 0.26171875 0.0578125 0.084375
1 0.49375 0.41796875 0.07265625 0.1171875
1 0.6875 0.1375 0.0546875 0.09921875
1 0.82734375 0.19609375 0.0453125 0.084375
1 0.77890625 0.4765625 0.07265625 0.10234375
1 0.93359375 0.3515625 0.0578125 0.08046875