1 0.0796875 0.24375 0.03515625 0.06015625
1 0.1703125 0.24921875 0.03984375 0.07109375
2 0.22109375 0.196875 0.02734375 0.04140625
2 0.25234375 0.15546875 0.03984375 0.05625
2 0.35234375 0.19296875 0.0453125 0.06328125
1 0.5015625 0.234375 0.05234375 0.09375
0 0.53359375 0.178125 0.02265625 0.05625
2 0.59609375 0.17578125 0.0421875 0.0671875
0 0.6578125 0.16484375 0.0453125 0.0671875
1 0.82109375 0.14453125 0.0578125 0.10078125
1 0.7484375 0.1234375 0.02734375 0.0453125
1 0.7171875 0.19296875 0.025 0.04140625
2 0.0578125 0.16484375 0.0296875 0.05234375