1 0.01640625 0.515625 0.02265625 0.04453125
1 0.075 0.8046875 0.0203125 0.0359375
1 0.07265625 0.49296875 0.025 0.04453125
1 0.1375 0.50234375 0.025 0.053125
2 0.1171875 0.62890625 0.025 0.04921875
2 0.16484375 0.7109375 0.0203125 0.04453125
1 0.1328125 0.3734375 0.025 0.04453125
1 0.18359375 0.38203125 0.0125 0.04453125
2 0.14609375 0.26875 0.02265625 0.03984375
1 0.09140625 0.153125 0.0171875 0.03984375
1 0.27265625 0.68671875 0.0296875 0.0578125
1 0.3390625 0.8953125 0.0328125 0.0578125
1 0.30234375 0.621875 0.025 0.053125
2 0.29765625 0.48203125 0.0203125 0.03984375
1 0.275 0.41328125 0.0203125 0.04453125
1 0.37265625 0.4890625 0.0203125 0.04453125
1 0.3921875 0.69765625 0.0296875 0.053125
1 0.42890625 0.81328125 0.02734375 0.0625
1 0.39765625 0.8 0.0296875 0.0625
1 0.48125 0.915625 0.0171875 0.04453125
1 0.49140625 0.65546875 0.02734375 0.0578125
1 0.4734375 0.6046875 0.0328125 0.0359375
1 0.4515625 0.453125 0.02734375 0.04453125
1 0.35859375 0.3734375 0.02734375 0.04453125
1 0.23125 0.26015625 0.02265625 0.03125
2 0.2203125 0.2203125 0.0203125 0.03984375
2 0.27734375 0.27109375 0.025 0.04453125
2 0.3125 0.24453125 0.0203125 0.0359375
1 0.38125 0.2734375 0.02265625 0.03984375
1 0.36015625 0.20703125 0.025 0.03984375
1 0.2765625 0.0796875 0.0171875 0.0359375
1 0.3125 0.04921875 0.01484375 0.0359375
1 0.3390625 0.1640625 0.0171875 0.0359375
1 0.41484375 0.1578125 0.0203125 0.03125
1 0.25390625 0.2046875 0.0171875 0.0359375
1 0.4375 0.37578125 0.025 0.03984375
1 0.4734375 0.31796875 0.02265625 0.04921875
1 0.50625 0.3640625 0.02265625 0.04453125
1 0.5171875 0.48203125 0.0203125 0.03984375
1 0.63125 0.878125 0.0328125 0.0578125
1 0.675 0.96640625 0.03515625 0.0578125
1 0.62265625 0.57109375 0.025 0.03984375
1 0.6296875 0.4046875 0.025 0.0359375
1 0.5609375 0.38203125 0.02265625 0.04453125
1 0.5796875 0.346875 0.0203125 0.0359375
1 0.5859375 0.2796875 0.0171875 0.0359375
1 0.5296875 0.2046875 0.0203125 0.0359375
1 0.3296875 0.015625 0.01484375 0.03125
2 0.41875 0.046875 0.0125 0.03125
1 0.45 0.03125 0.0203125 0.0359375
1 0.51875 0.07578125 0.0171875 0.0359375
1 0.5625 0.02890625 0.01484375 0.03125
1 0.6515625 0.1375 0.0171875 0.0359375
2 0.6734375 0.1109375 0.0171875 0.0265625
1 0.6625 0.28203125 0.0203125 0.03125
1 0.7 0.39296875 0.0203125 0.03984375
1 0.7296875 0.61328125 0.0296875 0.053125
1 0.7265625 0.44453125 0.02265625 0.04453125
1 0.75 0.49296875 0.025 0.04453125
1 0.7640625 0.41796875 0.02265625 0.04453125
1 0.75859375 0.58671875 0.02265625 0.04453125
1 0.7078125 0.0734375 0.01484375 0.03125
1 0.66875 0.015625 0.0171875 0.03125
1 0.73359375 0.015625 0.0125 0.03125
1 0.76875 0.03359375 0.0125 0.03125
2 0.7703125 0.078125 0.01484375 0.03125
2 0.7421875 0.1578125 0.01484375 0.03125
1 0.81015625 0.20703125 0.0203125 0.03984375
1 0.8640625 0.11328125 0.0171875 0.03125
2 0.875 0.01328125 0.01484375 0.0265625
1 0.90859375 0.10859375 0.0171875 0.03125
1 0.8953125 0.18203125 0.0203125 0.0359375
1 0.8890625 0.26015625 0.02265625 0.03984375
1 0.85625 0.29140625 0.0171875 0.03984375
1 0.91015625 0.30859375 0.0203125 0.03984375
1 0.9515625 0.24921875 0.0125 0.0265625
1 0.92265625 0.378125 0.025 0.04453125
1 0.9546875 0.45546875 0.025 0.03984375
1 0.9671875 0.30703125 0.0203125 0.04453125
1 0.8578125 0.07578125 0.01484375 0.0265625
1 0.9875 0.67578125 0.0203125 0.053125
1 0.9859375 0.584375 0.02265625 0.04921875
1 0.9390625 0.5109375 0.02265625 0.0359375