1 0.1171875 0.6125 0.0703125 0.0859375
1 0.24609375 0.56015625 0.0578125 0.09375
1 0.38125 0.821875 0.07265625 0.10078125
1 0.3109375 0.5375 0.04765625 0.07109375
1 0.35625 0.415625 0.0421875 0.0671875
0 0.2671875 0.36484375 0.03515625 0.05625
1 0.16015625 0.43828125 0.03515625 0.0671875
1 0.1484375 0.359375 0.02265625 0.0453125
1 0.20859375 0.31796875 0.02265625 0.0375
1 0.4703125 0.471875 0.06484375 0.08984375
1 0.5296875 0.39140625 0.03984375 0.07109375
1 0.76640625 0.4625 0.0828125 0.10859375
1 0.93125 0.5296875 0.0375 0.0859375
1 0.6234375 0.35546875 0.02265625 0.0671875
1 0.5578125 0.25859375 0.03515625 0.06015625
1 0.4625 0.228125 0.0296875 0.0453125
1 0.3109375 0.25625 0.02265625 0.0484375
1 0.0921875 0.33671875 0.0203125 0.06015625
1 0.07265625 0.28125 0.0203125 0.0453125
1 0.15 0.246875 0.0296875 0.05234375
1 0.225 0.21171875 0.0203125 0.03359375