1 0.0890625 0.8265625 0.0625 0.08671875
1 0.21875 0.8265625 0.0578125 0.08671875
1 0.3296875 0.8546875 0.0546875 0.08359375
1 0.50390625 0.9 0.0671875 0.08671875
1 0.79375 0.76640625 0.0625 0.0734375
1 0.95234375 0.83515625 0.0546875 0.05
1 0.6640625 0.65859375 0.0578125 0.0765625
1 0.8484375 0.50703125 0.04765625 0.06015625
1 0.97890625 0.56796875 0.0328125 0.06328125
1 0.71875 0.503125 0.0375 0.053125
1 0.5421875 0.678125 0.0546875 0.0703125
1 0.4078125 0.6453125 0.0546875 0.0703125
1 0.225 0.58828125 0.0296875 0.0765625
1 0.1875 0.5734375 0.0546875 0.0796875
1 0.1203125 0.5703125 0.05 0.0734375
1 0.0125 0.54296875 0.025 0.0734375
1 0.0203125 0.39140625 0.03984375 0.04296875
1 0.1296875 0.38984375 0.0453125 0.06015625
1 0.2625 0.428125 0.03984375 0.05703125
1 0.3421875 0.4203125 0.0453125 0.06015625
1 0.46875 0.4796875 0.05234375 0.06015625
1 0.5703125 0.49296875 0.05 0.06015625
1 0.9640625 0.353125 0.0421875 0.06015625
1 0.8140625 0.31640625 0.02734375 0.06015625
1 0.72265625 0.3046875 0.03984375 0.06328125
1 0.65 0.303125 0.0453125 0.046875
1 0.5375 0.25 0.03984375 0.06015625
1 0.4828125 0.25703125 0.03515625 0.06015625
1 0.37265625 0.21328125 0.03515625 0.06015625
1 0.29140625 0.2296875 0.0328125 0.053125
1 0.17890625 0.203125 0.0328125 0.053125
1 0.08515625 0.2015625 0.03984375 0.06328125
1 0.01875 0.19140625 0.0375 0.05703125
1 0.0171875 0.096875 0.0296875 0.046875
1 0.11640625 0.103125 0.02265625 0.046875
1 0.20625 0.13984375 0.0328125 0.053125
1 0.3328125 0.1453125 0.0296875 0.05703125
1 0.48359375 0.11796875 0.02734375 0.05703125
1 0.57265625 0.15 0.03515625 0.06015625
1 0.6953125 0.1796875 0.03515625 0.06015625
1 0.7875 0.15859375 0.03984375 0.06328125
1 0.9 0.19140625 0.03515625 0.05703125
1 0.98515625 0.21015625 0.025 0.06015625
1 0.81484375 0.06015625 0.0296875 0.046875
1 0.73984375 0.06796875 0.03515625 0.05
1 0.64140625 0.06171875 0.0328125 0.05703125
1 0.59765625 0.0203125 0.025 0.03984375
1 0.5140625 0.05703125 0.0328125 0.046875
1 0.44609375 0.06015625 0.0328125 0.03984375
1 0.37890625 0.046875 0.0328125 0.046875
1 0.29140625 0.0296875 0.0375 0.046875
1 0.175 0.0515625 0.025 0.03671875
1 0.11015625 0.0234375 0.025 0.046875