1 0.2 0.28828125 0.0453125 0.0625
1 0.3171875 0.28671875 0.0453125 0.06640625
1 0.4328125 0.3125 0.0546875 0.0734375
1 0.1 0.27578125 0.025 0.04375
1 0.3125 0.22265625 0.0296875 0.04765625
1 0.2421875 0.23125 0.0203125 0.03671875
1 0.40234375 0.25703125 0.0453125 0.0734375
1 0.8578125 0.28515625 0.0453125 0.0625
1 0.7015625 0.240625 0.0421875 0.0625
1 0.5984375 0.2515625 0.0421875 0.0625
2 0.76015625 0.2625 0.03515625 0.084375
1 0.89609375 0.2203125 0.02734375 0.0515625
1 0.1015625 0.32734375 0.0171875 0.05859375