1 0.08125 0.21875 0.05234375 0.09296875
1 0.16640625 0.2765625 0.0421875 0.084375
1 0.29765625 0.18125 0.0296875 0.06171875
1 0.35 0.25625 0.0546875 0.10625
1 0.36484375 0.18125 0.03515625 0.06171875
1 0.4046875 0.23203125 0.03984375 0.084375
1 0.44765625 0.4671875 0.0546875 0.09296875
1 0.475 0.22578125 0.0296875 0.06171875
1 0.52734375 0.21875 0.0296875 0.075
1 0.5609375 0.23046875 0.0421875 0.08828125
1 0.6109375 0.2609375 0.0375 0.07109375
1 0.6515625 0.30078125 0.04765625 0.08828125
1 0.71015625 0.31875 0.0546875 0.09765625
1 0.7625 0.2078125 0.03984375 0.0796875
2 0.80625 0.21015625 0.0375 0.0578125
1 0.88125 0.1859375 0.0421875 0.08828125
1 0.9390625 0.21015625 0.0421875 0.09296875
1 0.8390625 0.2078125 0.02265625 0.053125