0 0.1171875 0.43828125 0.13984375 0.25625
1 0.43125 0.62578125 0.1171875 0.25234375
1 0.5359375 0.75 0.07265625 0.190625
1 0.6625 0.7875 0.125 0.23046875
1 0.81484375 0.71484375 0.08984375 0.19921875
1 0.65390625 0.3625 0.0625 0.14140625
1 0.7203125 0.32109375 0.06484375 0.11953125
1 0.51015625 0.2609375 0.0453125 0.10625
1 0.5578125 0.19921875 0.05 0.09765625
1 0.475 0.33203125 0.06484375 0.09765625
1 0.59765625 0.07734375 0.03984375 0.06640625
1 0.68125 0.05078125 0.0375 0.0578125
1 0.53359375 0.06171875 0.0375 0.06171875