1 0.0890625 0.3 0.0578125 0.08984375
0 0.24140625 0.3578125 0.04765625 0.07109375
1 0.34375 0.26796875 0.05234375 0.0859375
1 0.36640625 0.68203125 0.10234375 0.19453125
1 0.4078125 0.4734375 0.08515625 0.13125
1 0.5328125 0.2546875 0.0296875 0.06015625
1 0.61484375 0.4328125 0.08984375 0.15390625
0 0.67265625 0.20390625 0.03515625 0.07109375
1 0.6953125 0.303125 0.0453125 0.075
1 0.77109375 0.44765625 0.0578125 0.09375
1 0.7921875 0.27890625 0.05 0.07890625
1 0.89140625 0.52421875 0.1171875 0.16484375
1 0.92890625 0.209375 0.0375 0.06015625
1 0.87265625 0.21328125 0.03984375 0.0671875
1 0.02734375 0.60859375 0.0546875 0.11640625