1 0.0421875 0.31640625 0.06015625 0.0859375
1 0.05 0.4625 0.06484375 0.0859375
1 0.1546875 0.37265625 0.08515625 0.15390625
1 0.24765625 0.39296875 0.05 0.08203125
1 0.50625 0.1796875 0.07265625 0.11953125
1 0.825 0.32421875 0.1046875 0.16875
1 0.90859375 0.44921875 0.04765625 0.08203125
1 0.70390625 0.44765625 0.05234375 0.06328125
1 0.76015625 0.4328125 0.03515625 0.05625
1 0.25234375 0.3015625 0.05 0.07109375
1 0.92890625 0.36875 0.0375 0.05625
1 0.9453125 0.47734375 0.0296875 0.06328125
1 0.55625 0.25078125 0.0328125 0.08984375