1 0.0484375 0.271875 0.04765625 0.06875
1 0.18515625 0.24921875 0.03984375 0.0609375
1 0.26484375 0.2546875 0.03515625 0.06484375
1 0.4078125 0.23984375 0.03984375 0.06484375
1 0.45234375 0.2296875 0.0296875 0.05390625
1 0.4875 0.22578125 0.0296875 0.0609375
1 0.52109375 0.16875 0.0328125 0.03828125
1 0.5109375 0.2796875 0.0375 0.0609375
1 0.5765625 0.35078125 0.0578125 0.08828125
2 0.67265625 0.20859375 0.0453125 0.07265625
1 0.6921875 0.371875 0.06015625 0.10703125
1 0.80859375 0.18359375 0.0375 0.0609375
1 0.8015625 0.34453125 0.05234375 0.06875
1 0.9171875 0.45234375 0.0796875 0.13828125
2 0.86484375 0.42109375 0.03515625 0.0765625