1 0.02109375 0.2453125 0.0328125 0.06640625
1 0.1328125 0.10859375 0.06015625 0.128125
1 0.25859375 0.32265625 0.02265625 0.07109375
0 0.37109375 0.325 0.02734375 0.0578125
1 0.40625 0.1484375 0.0328125 0.09296875
1 0.51484375 0.165625 0.025 0.084375
1 0.50390625 0.228125 0.02734375 0.06640625
1 0.6546875 0.22578125 0.03515625 0.07109375
1 0.70390625 0.234375 0.0328125 0.07109375
1 0.76875 0.29609375 0.0171875 0.04453125
1 0.81640625 0.24375 0.0375 0.07109375
1 0.88984375 0.26953125 0.0296875 0.06171875
1 0.925 0.271875 0.025 0.06640625