1 0.12734375 0.046875 0.01484375 0.021875
1 0.0875 0.19765625 0.0203125 0.02890625
2 0.1390625 0.2875 0.02265625 0.0359375
1 0.12890625 0.36875 0.02734375 0.03984375
1 0.1765625 0.37578125 0.0171875 0.03984375
1 0.01484375 0.48046875 0.025 0.03984375
1 0.0703125 0.4625 0.025 0.03203125
1 0.1296875 0.47265625 0.0296875 0.03984375
2 0.1109375 0.5703125 0.02734375 0.03984375
1 0.0734375 0.703125 0.02734375 0.03203125
2 0.15859375 0.63125 0.02265625 0.03984375
1 0.3609375 0.01640625 0.0171875 0.025
1 0.3515625 0.05546875 0.02265625 0.03203125
1 0.31484375 0.09140625 0.01484375 0.025
1 0.3 0.11875 0.01484375 0.02890625
1 0.26484375 0.14765625 0.0203125 0.02890625
1 0.24375 0.2375 0.0171875 0.021875
2 0.2109375 0.2484375 0.0171875 0.021875
1 0.22109375 0.28203125 0.0171875 0.025
2 0.26484375 0.2875 0.0203125 0.02890625
1 0.2625 0.40078125 0.0203125 0.03203125
2 0.28359375 0.45 0.0171875 0.02890625
0 0.2890625 0.5609375 0.02734375 0.04296875
1 0.26015625 0.61171875 0.0296875 0.04296875
1 0.3234375 0.77734375 0.0328125 0.05
1 0.24375 0.94765625 0.0375 0.05390625
1 0.45234375 0.01640625 0.01015625 0.01796875
1 0.4171875 0.05546875 0.01484375 0.025
1 0.39140625 0.06796875 0.0171875 0.021875
2 0.4015625 0.1171875 0.0125 0.025
1 0.4296875 0.10625 0.0203125 0.03203125
1 0.3234375 0.20703125 0.0171875 0.025
1 0.39609375 0.2046875 0.0171875 0.02890625
2 0.3453125 0.2390625 0.0203125 0.03203125
2 0.2984375 0.26953125 0.0171875 0.02890625
1 0.36640625 0.29296875 0.02265625 0.03203125
1 0.34140625 0.36875 0.02265625 0.025
1 0.45234375 0.32578125 0.0203125 0.03203125
1 0.4203125 0.3703125 0.025 0.02890625
1 0.3546875 0.46015625 0.0203125 0.0359375
1 0.43125 0.43203125 0.02265625 0.0359375
1 0.375 0.62265625 0.025 0.04296875
1 0.3796875 0.69765625 0.025 0.04296875
1 0.40859375 0.71015625 0.02734375 0.046875
1 0.4109375 0.93671875 0.0375 0.05390625
1 0.4609375 0.79140625 0.0171875 0.0359375
1 0.46875 0.58828125 0.02734375 0.03984375
1 0.45390625 0.546875 0.02734375 0.02890625
1 0.4765625 0.06796875 0.0125 0.021875
1 0.54375 0.03203125 0.0125 0.021875
1 0.50859375 0.07734375 0.0125 0.0109375
1 0.5390625 0.10625 0.0171875 0.025
1 0.57265625 0.06328125 0.01484375 0.025
1 0.49609375 0.140625 0.0171875 0.02890625
1 0.5328125 0.2 0.01015625 0.01796875
1 0.50625 0.2390625 0.02265625 0.025
1 0.56015625 0.2984375 0.0203125 0.02890625
1 0.48515625 0.36328125 0.0203125 0.0359375
1 0.5546875 0.34921875 0.0203125 0.02890625
1 0.5359375 0.37578125 0.02265625 0.03984375
1 0.4953125 0.4546875 0.0203125 0.03203125
1 0.62734375 0.009375 0.01484375 0.01796875
1 0.63984375 0.08828125 0.01484375 0.025
1 0.66640625 0.06796875 0.0125 0.021875
1 0.6921875 0.08671875 0.01015625 0.021875
1 0.70234375 0.09140625 0.01484375 0.025
2 0.6765625 0.13671875 0.0125 0.021875
1 0.73515625 0.1078125 0.01484375 0.02890625
2 0.7375 0.1421875 0.01484375 0.025
1 0.70859375 0.203125 0.0171875 0.025
2 0.64375 0.16875 0.0171875 0.021875
0 0.62265625 0.18671875 0.0203125 0.02890625
1 0.63515625 0.296875 0.0203125 0.025
1 0.60390625 0.39375 0.02265625 0.03203125
1 0.6703125 0.38515625 0.0203125 0.02890625
1 0.59609375 0.5234375 0.02734375 0.03203125
1 0.60390625 0.7609375 0.0328125 0.046875
1 0.54765625 0.8703125 0.03515625 0.05
1 0.64609375 0.82890625 0.0328125 0.046875
1 0.76640625 0.0109375 0.0171875 0.021875
1 0.8203125 0.07578125 0.01484375 0.02890625
2 0.8390625 0.08984375 0.0125 0.021875
1 0.82109375 0.1421875 0.0125 0.025
1 0.8265625 0.17109375 0.0171875 0.025
1 0.775 0.2390625 0.0203125 0.03203125
1 0.81875 0.30546875 0.0171875 0.02890625
1 0.69609375 0.42421875 0.02265625 0.0359375
1 0.73125 0.40078125 0.02265625 0.03203125
1 0.7171875 0.4625 0.025 0.03203125
1 0.7265625 0.5375 0.02265625 0.03984375
1 0.6984375 0.55390625 0.02734375 0.04296875
1 0.7578125 0.915625 0.03515625 0.05390625
1 0.90234375 0.9765625 0.03984375 0.03984375
1 0.96640625 0.98203125 0.0375 0.02890625
1 0.90859375 0.80546875 0.0328125 0.04296875
1 0.94140625 0.784375 0.02734375 0.05
1 0.94375 0.6046875 0.02734375 0.04296875
1 0.94375 0.534375 0.02734375 0.03984375
1 0.99453125 0.48828125 0.0109375 0.0359375
1 0.89765625 0.4765625 0.0203125 0.01796875
1 0.9140625 0.43515625 0.02265625 0.0359375
1 0.88125 0.37421875 0.02265625 0.0359375
1 0.925 0.3203125 0.0203125 0.0359375
1 0.87109375 0.321875 0.02265625 0.03203125
1 0.8515625 0.28203125 0.0171875 0.03203125
1 0.90859375 0.2734375 0.0125 0.021875
1 0.8546875 0.22265625 0.0203125 0.02890625
1 0.8703125 0.1671875 0.01484375 0.025
1 0.9609375 0.18203125 0.0125 0.025
1 0.9828125 0.10625 0.01484375 0.025
1 0.8953125 0.071875 0.01484375 0.021875
1 0.86875 0.04140625 0.0125 0.025
1 0.9296875 0.05234375 0.01484375 0.01796875
2 0.9578125 0.02890625 0.01015625 0.021875
2 0.99375 0.0703125 0.0125 0.01796875