2 0.1078125 0.0859375 0.03984375 0.0671875
2 0.1765625 0.21328125 0.04765625 0.0671875
2 0.16640625 0.37265625 0.05234375 0.07890625
1 0.13515625 0.5484375 0.05 0.07109375
2 0.47109375 0.15 0.0421875 0.0671875
1 0.42734375 0.303125 0.05 0.0671875
1 0.46875 0.40078125 0.04765625 0.0671875
1 0.44375 0.575 0.05234375 0.07890625
1 0.73984375 0.06171875 0.0453125 0.06328125
1 0.8203125 0.16328125 0.05 0.06328125
2 0.80625 0.28828125 0.0421875 0.05234375
2 0.70234375 0.425 0.0453125 0.07109375
1 0.7921875 0.6234375 0.05 0.04140625