1 0.5421875 0.58203125 0.1 0.15390625
1 0.0296875 0.44375 0.0203125 0.03359375
1 0.1265625 0.47734375 0.0078125 0.03359375
1 0.2375 0.46796875 0.01484375 0.0296875
1 0.2703125 0.45703125 0.0203125 0.0296875
1 0.375 0.47578125 0.01484375 0.0375
2 0.34609375 0.4453125 0.02265625 0.0375
1 0.43125 0.44921875 0.0171875 0.0375
1 0.4921875 0.4546875 0.0203125 0.04140625
1 0.65234375 0.4640625 0.01484375 0.0375
1 0.6953125 0.44921875 0.01015625 0.0296875
1 0.7359375 0.47578125 0.0125 0.0296875
1 0.87109375 0.33359375 0.0171875 0.02265625
1 0.9375 0.4546875 0.01015625 0.0265625
2 0.8859375 0.4515625 0.0171875 0.03359375
1 0.8890625 0.3953125 0.0171875 0.0265625