1 0.08515625 0.46875 0.0453125 0.12890625
1 0.2828125 0.4375 0.03984375 0.10234375
1 0.3328125 0.49765625 0.06015625 0.09765625
1 0.39609375 0.36640625 0.0421875 0.09296875
2 0.4453125 0.38671875 0.0546875 0.10703125
1 0.50625 0.5 0.07734375 0.15546875
2 0.5 0.3 0.0453125 0.084375
2 0.5796875 0.28203125 0.05 0.10234375
2 0.7015625 0.33984375 0.04765625 0.09296875
1 0.67109375 0.4578125 0.04765625 0.09765625
1 0.7421875 0.4375 0.05 0.1203125
1 0.88984375 0.35546875 0.0453125 0.0890625
0 0.7890625 0.48203125 0.0671875 0.1203125
2 0.95625 0.3890625 0.0625 0.10234375
2 0.1828125 0.3578125 0.0296875 0.0578125
2 0.81484375 0.3375 0.0296875 0.0625
1 0.92890625 0.3203125 0.02734375 0.053125