1 0.1078125 0.58515625 0.0796875 0.1796875
1 0.0671875 0.2671875 0.06484375 0.1453125
1 0.1359375 0.11875 0.0578125 0.15078125
1 0.225 0.5125 0.06484375 0.16953125
1 0.16484375 0.4078125 0.0546875 0.1359375
1 0.3328125 0.59453125 0.06015625 0.19921875
1 0.27265625 0.934375 0.0953125 0.12109375
1 0.42734375 0.8984375 0.11015625 0.19453125
1 0.4203125 0.359375 0.0703125 0.175
1 0.34140625 0.24296875 0.0625 0.1453125
1 0.5453125 0.37890625 0.06015625 0.1453125
1 0.57890625 0.78359375 0.0828125 0.16015625
1 0.62890625 0.58515625 0.0625 0.1796875
1 0.6046875 0.325 0.06484375 0.16484375
1 0.6625 0.1265625 0.0546875 0.1359375
2 0.5359375 0.0921875 0.04765625 0.096875
1 0.76640625 0.4171875 0.0578125 0.1453125
1 0.8078125 0.6796875 0.08984375 0.20390625
1 0.85859375 0.65078125 0.0578125 0.15546875
1 0.96484375 0.45625 0.0703125 0.184375
1 0.9265625 0.2015625 0.0625 0.15078125
1 0.94375 0.05546875 0.05234375 0.0921875
1 0.8484375 0.36171875 0.0671875 0.140625
1 0.9734375 0.88828125 0.04765625 0.21328125