1 0.0328125 0.175 0.025 0.06640625
1 0.0828125 0.109375 0.025 0.05703125
1 0.11640625 0.20390625 0.02734375 0.05703125
1 0.20234375 0.1828125 0.03515625 0.07109375
1 0.26640625 0.21328125 0.05234375 0.08515625
1 0.31015625 0.11875 0.0296875 0.07578125
1 0.36484375 0.11875 0.025 0.05703125
1 0.52265625 0.20625 0.03984375 0.08984375
1 0.6015625 0.175 0.0375 0.09453125
1 0.71484375 0.175 0.0546875 0.1140625
1 0.80390625 0.1921875 0.04765625 0.09921875
1 0.89375 0.15625 0.0375 0.06640625
2 0.9078125 0.4546875 0.0296875 0.07578125