2 0.1359375 0.17109375 0.0671875 0.1109375
2 0.3421875 0.05078125 0.0296875 0.06640625
2 0.4921875 0.07109375 0.03515625 0.07109375
1 0.53359375 0.11328125 0.05234375 0.1109375
2 0.3828125 0.19296875 0.06015625 0.09296875
1 0.3609375 0.34921875 0.07734375 0.146875
2 0.1984375 0.3640625 0.0625 0.07109375
0 0.12109375 0.79765625 0.0671875 0.1203125
0 0.3078125 0.47578125 0.075 0.15078125
0 0.475 0.4359375 0.11015625 0.1953125
2 0.6265625 0.21796875 0.0421875 0.0796875
1 0.6703125 0.253125 0.06484375 0.12421875
1 0.8625 0.2640625 0.0953125 0.1734375
1 0.7140625 0.69296875 0.1171875 0.221875