1 0.0453125 0.48359375 0.0203125 0.04609375
1 0.1328125 0.54609375 0.03515625 0.06875
1 0.18125 0.525 0.0578125 0.11953125
1 0.22890625 0.5 0.0328125 0.06875
1 0.3203125 0.675 0.06015625 0.10625
1 0.04609375 0.4171875 0.0125 0.02265625
1 0.0921875 0.41484375 0.01484375 0.02734375
1 0.11640625 0.42421875 0.02265625 0.03671875
1 0.1390625 0.421875 0.0171875 0.03203125
1 0.2953125 0.43125 0.025 0.05078125
1 0.31875 0.44921875 0.0171875 0.03203125
1 0.33359375 0.509375 0.02734375 0.04140625
1 0.3578125 0.4078125 0.01484375 0.03203125
1 0.44140625 0.47265625 0.02734375 0.04140625
1 0.4203125 0.64296875 0.0296875 0.05078125
1 0.4953125 0.46328125 0.0203125 0.06015625
1 0.5359375 0.49765625 0.0328125 0.06484375
1 0.5234375 0.61953125 0.0421875 0.13359375
1 0.4640625 0.3734375 0.0171875 0.03671875
1 0.42109375 0.378125 0.02265625 0.03671875
1 0.64140625 0.50234375 0.0421875 0.06484375
1 0.5765625 0.4328125 0.02265625 0.03671875
1 0.67734375 0.36640625 0.01484375 0.03203125
1 0.66484375 0.32734375 0.01484375 0.02734375
1 0.77734375 0.69140625 0.1296875 0.24921875
1 0.96015625 0.41484375 0.03984375 0.0921875
1 0.87265625 0.44921875 0.025 0.05078125
1 0.0734375 0.59453125 0.0171875 0.03671875
1 0.0625 0.41015625 0.01484375 0.02734375