1 0.0453125 0.58984375 0.08515625 0.12265625
1 0.08515625 0.425 0.03984375 0.06015625
1 0.12109375 0.390625 0.02734375 0.04296875
1 0.1703125 0.346875 0.025 0.0296875
1 0.02109375 0.35859375 0.02265625 0.0265625
1 0.19609375 0.4265625 0.0375 0.04296875
1 0.23359375 0.35859375 0.02734375 0.03984375
1 0.28515625 0.5265625 0.11484375 0.1625
1 0.28984375 0.35234375 0.025 0.0265625
1 0.3765625 0.365625 0.0171875 0.0203125
1 0.3984375 0.3890625 0.02734375 0.03359375
1 0.44140625 0.4515625 0.0421875 0.06015625
1 0.54140625 0.4421875 0.0625 0.08671875
1 0.50625 0.3984375 0.02265625 0.046875
1 0.44375 0.38046875 0.0171875 0.0234375
1 0.58359375 0.35078125 0.02734375 0.0296875
1 0.7 0.3921875 0.025 0.0265625
1 0.6984375 0.34375 0.0171875 0.0234375
1 0.7453125 0.43828125 0.025 0.03359375
1 0.7265625 0.36015625 0.0171875 0.01640625
1 0.775 0.396875 0.0203125 0.0296875
1 0.8234375 0.44375 0.04765625 0.06328125
1 0.88984375 0.3984375 0.025 0.03359375
1 0.9859375 0.45859375 0.02265625 0.06640625
1 0.96015625 0.38515625 0.0296875 0.03359375
2 0.5421875 0.34921875 0.01484375 0.0203125