1 0.06875 0.915625 0.1078125 0.16015625
1 0.1921875 0.7953125 0.0703125 0.11328125
1 0.30234375 0.740625 0.1296875 0.23046875
1 0.49375 0.61328125 0.07734375 0.1640625
1 0.3203125 0.240625 0.0453125 0.07421875
1 0.3984375 0.1109375 0.0375 0.05859375
1 0.42265625 0.24609375 0.03515625 0.0703125
1 0.49765625 0.1390625 0.0296875 0.04296875
1 0.59140625 0.15234375 0.0375 0.0625
1 0.5640625 0.3734375 0.0375 0.06640625
1 0.69140625 0.5609375 0.10234375 0.16015625
1 0.7546875 0.19140625 0.03515625 0.0546875
2 0.84609375 0.3421875 0.0375 0.05859375
2 0.6640625 0.19921875 0.0375 0.0625
2 0.44609375 0.4546875 0.04765625 0.07421875