2 0.04609375 0.03671875 0.0578125 0.0734375
1 0.04765625 0.346875 0.0546875 0.09296875
1 0.2421875 0.26328125 0.06015625 0.0796875
1 0.28125 0.06484375 0.0625 0.08984375
2 0.06015625 0.4703125 0.05 0.08671875
1 0.02109375 0.878125 0.0421875 0.1296875
1 0.0953125 0.78203125 0.0703125 0.11640625
0 0.1421875 0.71171875 0.0546875 0.11015625
1 0.24765625 0.48671875 0.0546875 0.09296875
1 0.49140625 0.13515625 0.0625 0.0765625
1 0.48359375 0.26640625 0.0671875 0.09296875
1 0.5015625 0.4203125 0.0625 0.09296875
1 0.36484375 0.921875 0.0703125 0.11015625
1 0.52109375 0.746875 0.07265625 0.09296875
1 0.575 0.821875 0.075 0.11015625
1 0.66015625 0.48359375 0.0546875 0.08671875
1 0.68125 0.26171875 0.0625 0.08984375
1 0.775 0.25703125 0.06015625 0.1
1 0.8546875 0.0796875 0.0453125 0.0734375
1 0.9359375 0.33828125 0.0671875 0.08359375
1 0.96640625 0.63671875 0.0625 0.08671875