2 0.12265625 0.3 0.06484375 0.13359375
2 0.1859375 0.4234375 0.0625 0.1046875
2 0.19140625 0.59765625 0.0671875 0.13828125
2 0.24765625 0.27109375 0.06015625 0.13359375
2 0.33515625 0.54765625 0.075 0.16171875
1 0.4453125 0.57890625 0.08984375 0.1953125
2 0.53984375 0.3046875 0.0546875 0.13359375
2 0.60625 0.6640625 0.0828125 0.15703125
2 0.6203125 0.4953125 0.06484375 0.13359375
1 0.8828125 0.640625 0.0796875 0.1859375
2 0.96015625 0.3546875 0.0546875 0.11875
2 0.6921875 0.15234375 0.0546875 0.1046875
2 0.87890625 0.20234375 0.0421875 0.08125
2 0.4828125 0.2765625 0.0546875 0.0953125