1 0.19375 0.44453125 0.07734375 0.14609375
2 0.38984375 0.6109375 0.13984375 0.2921875
1 0.08984375 0.33828125 0.06015625 0.11953125
0 0.16484375 0.175 0.0453125 0.1015625
2 0.2203125 0.32734375 0.0546875 0.08828125
1 0.28125 0.25625 0.05234375 0.0796875
1 0.34765625 0.23671875 0.06015625 0.084375
1 0.425 0.2828125 0.05 0.0796875
1 0.47109375 0.35390625 0.0578125 0.10625
1 0.54609375 0.36484375 0.0671875 0.084375
2 0.4625 0.16796875 0.03515625 0.07109375
1 0.37890625 0.0953125 0.02265625 0.03984375
1 0.46484375 0.0796875 0.025 0.04453125
1 0.6734375 0.45390625 0.0921875 0.1546875
1 0.12890625 0.2015625 0.0375 0.084375
1 0.26484375 0.17890625 0.0453125 0.06640625
1 0.575 0.05546875 0.01484375 0.03125
1 0.79609375 0.8984375 0.0671875 0.1859375
1 0.8390625 0.5375 0.0875 0.17265625
1 0.8234375 0.28515625 0.0671875 0.1015625
1 0.81640625 0.42265625 0.0375 0.09296875
1 0.7765625 0.20546875 0.0421875 0.1015625
1 0.86875 0.1703125 0.0328125 0.06640625