1 0.38359375 0.4640625 0.0578125 0.1203125
1 0.38125 0.2578125 0.07734375 0.07109375
1 0.6453125 0.6734375 0.06015625 0.15546875
1 0.57734375 0.52890625 0.03984375 0.13359375
1 0.6953125 0.26015625 0.025 0.04921875
0 0.2640625 0.23984375 0.0328125 0.053125
2 0.0828125 0.2359375 0.0203125 0.0359375
2 0.5078125 0.215625 0.025 0.0578125
2 0.75234375 0.19765625 0.0203125 0.0578125
2 0.5765625 0.3953125 0.0375 0.0625
1 0.89140625 0.33984375 0.02734375 0.03984375
2 0.93359375 0.36875 0.0375 0.07109375
2 0.9390625 0.49140625 0.02734375 0.10234375
2 0.96484375 0.36015625 0.0296875 0.053125